1751528524210
1751528524222
1751528524233
1751528524246
1751528524259
1751528524272
1751528524284
1751528524296
1751528524308
1751528524312
1751528524316
1751528524320
1751528524323
1751528524327
1751528524331
1751528524335
1751528524350
1751528524354
1751528524358
1751528524362
1751528524366
1751528524370
1751528524373
1751528524377
1751528524381
1751528524385
1751528524389
1751528524405
1751531918655
1751531918666
1751531918677
1751531918695
1751531918708
1751531918720
1751531918732
1751531918745
1751531918758
1751531918762
1751531918765
1751531918769
1751531918773
1751531918776
1751531918780
1751531918784
1751531918798
1751531918802
1751531918806
1751531918810
1751531918814
1751531918818
1751531918821
1751531918825
1751531918829
1751531918833
1751531918837
1751531918853
1751540231762
1751540389557
1751540389571
1751540389582
1751540389594
1751540389606
1751540389617
1751540389628
1751540389641
1751540389653
1751540389657
1751540389661
1751540389664
1751540389668
1751540389672
1751540389676
1751540389680
1751540389697
1751540389700
1751540389705
1751540389709
1751540389713
1751540389716
1751540389720
1751540389723
1751540389726
1751540389730
1751540389735
1751540389750
1751622711523
1751622711536
1751622711549
1751622711560
1751622711571
1751622711582
1751622711594
1751622711605
1751622711617
1751622711621
1751622711624
1751622711628
1751622711632
1751622711636
1751622711640
1751622711644
1751622711662
1751622711665
1751622711669
1751622711672
1751622711676
1751622711680
1751622711684
1751622711688
1751622711692
1751622711695
1751622711699
1751622711716
1751627529263
1751627529276
1751627529287
1751627529298
1751627529311
1751627529322
1751627529334
1751627529345
1751627529358
1751627529361
1751627529365
1751627529369
1751627529372
1751627529376
1751627529380
1751627529384
1751627529401
1751627529405
1751627529408
1751627529412
1751627529416
1751627529420
1751627529424
1751627529428
1751627529432
1751627529436
1751627529439
1751627529454
1751652545604
1751652545617
1751652545628
1751652545639
1751652545650
1751652545663
1751652545675
1751652545686
1751652545698
1751652545702
1751652545705
1751652545709
1751652545713
1751652545717
1751652545721
1751652545725
1751652545743
1751652545747
1751652545750
1751652545754
1751652545758
1751652545762
1751652545766
1751652545770
1751652545773
1751652545777
1751652545781
1751652545798
